#number of complete triangles, angle inside the bar, incident angle
0 89.0833457436 1.34754850436
1 87.2519118199 4.04149152412
2 85.4260787401 6.73200385105
3 83.6095046854 9.41690216547
4 81.8057366654 12.0941573826
5 80.0181707123 14.7619535856
6 78.2500164282 17.4187446475
7 76.5042667192 20.0633085111
8 74.783673288 22.694799551
9 73.0907281895 25.3127999873
10 71.4276514896 27.9173719868
11 69.7963848317 30.5091128906
12 68.1985905136 33.0892170409
13 66.6356555239 35.6595490569
14 65.1086998751 38.2227353521
15 63.618588513 40.7822835663
16 62.1659460594 43.3427440362
17 60.7511736635 45.909934601
18 59.3744672813 48.491262035
19 58.0358367701 51.0961943187
20 56.7351252586 53.7369761416
21 55.4720283439 56.4297535778
22 54.2461127456 59.1964251024
23 53.0568341338 62.0678731562
24 51.9035539197 65.0900633448
25 50.7855548647 68.336859876
26 49.7020554233 71.9415457276
27 48.6522227803 76.1972921432
28 47.6351845825 82.1201393963
